0 0.158196 0.856547 0.070636 0.286906
0 0.170912 0.363348 0.044171 0.187033
0 0.169959 0.299496 0.041117 0.172138
0 0.392344 0.291192 0.034992 0.173440
0 0.431029 0.306962 0.035265 0.177979
0 0.477284 0.472481 0.041624 0.218772
0 0.377022 0.960459 0.070519 0.079081
0 0.865687 0.691913 0.057267 0.269506
0 0.875961 0.912091 0.069017 0.175818
0 0.955184 0.247101 0.045311 0.171452
0 0.874766 0.181144 0.035579 0.152291
0 0.773857 0.090536 0.026979 0.128208
0 0.721439 0.070885 0.024651 0.122394
0 0.477405 0.136422 0.027420 0.135866
