0 0.792598 0.210968 0.032210 0.156331
0 0.108126 0.373022 0.048471 0.189378
0 0.374865 0.198581 0.031003 0.150156
0 0.947064 0.534836 0.056384 0.235180
0 0.340262 0.248613 0.033671 0.161996
0 0.636572 0.128652 0.025352 0.135024
0 0.778863 0.533758 0.045963 0.231968
0 0.229117 0.389865 0.043128 0.194063
0 0.897792 0.469494 0.049091 0.218196
0 0.921056 0.351644 0.045973 0.192198
0 0.320548 0.550942 0.048621 0.233771
0 0.859890 0.778119 0.060787 0.290448
0 0.178490 0.703329 0.061598 0.265772
0 0.131524 0.714232 0.064654 0.268832
0 0.729643 0.916028 0.064620 0.167944
0 0.571748 0.057301 0.023179 0.114603
