0 0.841944 0.118695 0.031183 0.137051
0 0.504664 0.110533 0.026088 0.129684
0 0.499595 0.188118 0.029403 0.148956
0 0.528200 0.210998 0.030029 0.154898
0 0.920038 0.294533 0.043577 0.179456
0 0.371643 0.237593 0.032781 0.159782
0 0.811396 0.702223 0.055267 0.270581
0 0.832441 0.550301 0.048912 0.235823
0 0.524896 0.374752 0.036673 0.195705
0 0.415792 0.451128 0.041927 0.212855
0 0.359978 0.457777 0.043175 0.213246
0 0.913859 0.594985 0.056015 0.247981
0 0.469509 0.112396 0.026460 0.129854
0 0.199252 0.487690 0.049254 0.216423
0 0.129923 0.460675 0.051399 0.209463
0 0.106201 0.428034 0.051363 0.202016
0 0.050035 0.431663 0.056467 0.203881
0 0.729086 0.061418 0.024511 0.120392
0 0.549514 0.067244 0.023864 0.119446
0 0.021952 0.413033 0.043904 0.200985
