0 0.824956 0.164318 0.031919 0.146494
0 0.442179 0.152247 0.028391 0.139462
0 0.404840 0.203680 0.030955 0.151829
0 0.583252 0.163345 0.027387 0.143271
0 0.839478 0.394997 0.042068 0.199892
0 0.285829 0.306429 0.037446 0.175162
0 0.855521 0.575269 0.051264 0.241852
0 0.878845 0.442647 0.046544 0.211548
0 0.437000 0.456991 0.041798 0.214592
0 0.912984 0.611608 0.056695 0.251907
0 0.301922 0.568969 0.050050 0.237371
0 0.259321 0.569644 0.051406 0.236504
0 0.841943 0.763245 0.059322 0.285942
0 0.526802 0.082986 0.024734 0.123096
0 0.051002 0.644438 0.067259 0.253886
0 0.031716 0.550401 0.063432 0.231945
