0 0.732020 0.206200 0.030043 0.154432
0 0.416778 0.317994 0.035924 0.180500
0 0.518310 0.144518 0.027386 0.138206
0 0.814312 0.952093 0.068958 0.095814
0 0.795088 0.853259 0.061628 0.293481
0 0.663818 0.252169 0.030461 0.165432
0 0.563769 0.285187 0.032463 0.173649
0 0.523485 0.291441 0.033369 0.175052
0 0.930029 0.331658 0.046019 0.188170
0 0.348672 0.180014 0.030457 0.145230
0 0.404469 0.281645 0.034432 0.171268
0 0.272067 0.317330 0.038306 0.177540
0 0.252353 0.292095 0.037630 0.171122
0 0.209993 0.306564 0.039713 0.174025
0 0.798052 0.113862 0.028791 0.134233
0 0.445119 0.143377 0.027984 0.137289
0 0.179794 0.289952 0.040190 0.169928
0 0.890659 0.090782 0.033456 0.134072
0 0.540175 0.069467 0.024046 0.119910
