0 0.853723 0.083060 0.030617 0.130038
0 0.556147 0.068894 0.023866 0.119900
0 0.623848 0.191233 0.027846 0.150334
0 0.478441 0.266101 0.032932 0.168348
0 0.969265 0.216873 0.045774 0.166296
0 0.447755 0.180130 0.029551 0.146468
0 0.776752 0.857277 0.061362 0.285446
0 0.801905 0.683890 0.054034 0.266219
0 0.607776 0.309617 0.032550 0.179739
0 0.496970 0.365541 0.036829 0.193306
0 0.459155 0.366963 0.037511 0.193256
0 0.917680 0.440652 0.049440 0.212209
0 0.410859 0.143434 0.028261 0.136947
0 0.312848 0.371112 0.039937 0.191417
0 0.214456 0.384010 0.043348 0.192415
0 0.189682 0.356813 0.042982 0.185664
0 0.128958 0.362220 0.046495 0.186730
0 0.759147 0.085628 0.026286 0.126675
0 0.500328 0.099190 0.025647 0.126859
0 0.092266 0.344895 0.048326 0.183219
