0 0.835948 0.225734 0.034836 0.160754
0 0.310250 0.382363 0.040541 0.194070
0 0.591381 0.097669 0.024648 0.127161
0 0.878905 0.959454 0.075133 0.081092
0 0.710346 0.199802 0.029265 0.152745
0 0.618994 0.225437 0.029220 0.158811
0 0.584062 0.229506 0.029971 0.159769
0 0.938775 0.251967 0.043741 0.171306
0 0.285198 0.226206 0.033712 0.155681
0 0.482455 0.209140 0.030469 0.154083
0 0.337440 0.261658 0.034312 0.165163
0 0.313560 0.237119 0.033608 0.158742
0 0.285085 0.260562 0.035302 0.164012
0 0.832134 0.156106 0.031995 0.144911
0 0.371497 0.182404 0.030316 0.146110
0 0.263756 0.245148 0.035113 0.159984
0 0.835251 0.122107 0.030926 0.137498
0 0.485867 0.118124 0.026571 0.131406
