0 0.927632 0.254668 0.042726 0.171156
0 0.186597 0.451019 0.047882 0.207687
0 0.647196 0.063213 0.022877 0.119405
0 0.760600 0.160867 0.029116 0.144062
0 0.669972 0.169182 0.027258 0.145096
0 0.635646 0.176238 0.027202 0.146671
0 0.896456 0.181450 0.037228 0.153558
0 0.222964 0.281914 0.038069 0.168312
0 0.534992 0.144538 0.027214 0.138327
0 0.397815 0.219588 0.031724 0.155696
0 0.380036 0.197587 0.030909 0.149981
0 0.359335 0.219084 0.032073 0.155007
0 0.868280 0.194921 0.035643 0.155019
0 0.288425 0.232526 0.033928 0.157256
0 0.334906 0.210812 0.032031 0.152609
0 0.793743 0.169646 0.030670 0.146794
0 0.396860 0.162012 0.029190 0.141382
0 0.566316 0.083436 0.024359 0.123508
0 0.548088 0.137113 0.026764 0.136569
0 0.369244 0.907582 0.066487 0.184836
