0 0.865746 0.102117 0.032076 0.134800
0 0.736783 0.084411 0.025555 0.125844
0 0.713866 0.093118 0.025274 0.127406
0 0.852338 0.082076 0.030496 0.129747
0 0.054320 0.424732 0.055689 0.202183
0 0.626791 0.055885 0.022427 0.111769
0 0.511633 0.146581 0.027539 0.138669
0 0.498379 0.130547 0.026989 0.134584
0 0.484927 0.151431 0.027994 0.139664
0 0.894073 0.283688 0.040954 0.175851
0 0.153063 0.394375 0.046648 0.194160
0 0.461038 0.149172 0.028104 0.138884
0 0.714100 0.313337 0.034033 0.180285
0 0.234739 0.291439 0.038129 0.170717
0 0.413393 0.163672 0.029123 0.141985
0 0.647744 0.536783 0.042396 0.233716
0 0.939741 0.409308 0.050215 0.206011
0 0.952939 0.304776 0.047334 0.183566
