0 0.913502 0.078722 0.034869 0.133359
0 0.764977 0.056313 0.025316 0.112626
0 0.734341 0.058749 0.024521 0.117497
0 0.549586 0.112840 0.025749 0.130583
0 0.529023 0.094945 0.025213 0.126038
0 0.536230 0.121610 0.026252 0.132653
0 0.902405 0.342543 0.043997 0.189384
0 0.054175 0.501047 0.059571 0.219702
0 0.502737 0.125337 0.026730 0.133328
0 0.666264 0.410448 0.037233 0.204054
0 0.137346 0.391508 0.047419 0.193464
0 0.323002 0.220199 0.032655 0.154741
0 0.750566 0.410450 0.039275 0.203398
0 0.908026 0.513156 0.051829 0.228593
0 0.928934 0.393919 0.048489 0.202045
0 0.300481 0.289326 0.036304 0.171277
0 0.521177 0.072292 0.024336 0.120446
0 0.507421 0.071484 0.024419 0.120141
