0 0.956210 0.059195 0.037881 0.118390
0 0.578668 0.083806 0.024237 0.123694
0 0.559563 0.065379 0.023686 0.119077
0 0.565978 0.089230 0.024601 0.124917
0 0.910532 0.405670 0.047314 0.203975
0 0.542018 0.090797 0.024915 0.125120
0 0.633671 0.540660 0.042191 0.234693
0 0.020906 0.510550 0.041811 0.223461
0 0.227535 0.287823 0.038193 0.169767
0 0.840759 0.317034 0.038778 0.181836
0 0.809625 0.603974 0.050500 0.248024
0 0.853246 0.489833 0.047125 0.222032
0 0.207545 0.363393 0.042579 0.187436
0 0.462404 0.119165 0.026806 0.131460
0 0.448739 0.114382 0.026708 0.130156
