0 0.259593 0.705800 0.058448 0.266762
0 0.618285 0.080137 0.023595 0.123139
0 0.586467 0.115585 0.025432 0.131503
0 0.692358 0.901293 0.062211 0.197415
0 0.512332 0.054024 0.023495 0.108048
0 0.273965 0.242260 0.034719 0.159419
0 0.301113 0.241567 0.034067 0.159638
0 0.341486 0.345846 0.038182 0.185919
0 0.783046 0.151099 0.029546 0.142269
0 0.263848 0.303847 0.037873 0.174138
0 0.378046 0.316059 0.036285 0.179343
0 0.428945 0.662270 0.050988 0.260231
0 0.482768 0.702564 0.050785 0.269227
0 0.321373 0.207665 0.032118 0.151649
0 0.915037 0.600161 0.056346 0.249256
0 0.175917 0.473639 0.049543 0.212800
0 0.137386 0.410301 0.048361 0.197812
0 0.560322 0.112952 0.025636 0.130684
0 0.853748 0.058288 0.029606 0.116577
