0 0.107280 0.653319 0.063050 0.254597
0 0.575865 0.155713 0.027182 0.141341
0 0.411352 0.570251 0.047389 0.240059
0 0.569627 0.128840 0.026176 0.134656
0 0.541675 0.163993 0.027940 0.143213
0 0.752289 0.777604 0.056645 0.286746
0 0.488528 0.093348 0.025498 0.125330
0 0.348045 0.196273 0.031191 0.149219
0 0.391066 0.176685 0.029885 0.144944
0 0.118502 0.389354 0.048539 0.193031
0 0.246344 0.431806 0.044694 0.204340
0 0.819852 0.106704 0.029555 0.133447
0 0.170901 0.372464 0.044624 0.189162
0 0.262796 0.400003 0.042607 0.197183
0 0.309857 0.827552 0.062453 0.293643
0 0.361924 0.867691 0.063153 0.264619
0 0.382728 0.156434 0.029068 0.139842
0 0.928981 0.465946 0.051588 0.218434
0 0.049003 0.606353 0.065502 0.244694
0 0.024242 0.508248 0.048484 0.222625
