0 0.059881 0.861204 0.077635 0.277592
0 0.638221 0.070786 0.023112 0.121099
0 0.198269 0.297803 0.039755 0.171855
0 0.200526 0.309206 0.040209 0.174559
0 0.413844 0.266705 0.033667 0.167688
0 0.740702 0.198993 0.029992 0.152786
0 0.334207 0.243909 0.033547 0.160737
0 0.449158 0.243415 0.032282 0.162335
0 0.503444 0.526299 0.043146 0.231440
0 0.567677 0.555331 0.042302 0.238219
0 0.249051 0.266394 0.036510 0.164906
0 0.930305 0.774363 0.065064 0.293844
0 0.297741 0.379043 0.040671 0.192979
0 0.244772 0.317497 0.039068 0.177096
0 0.574829 0.074834 0.023914 0.121489
0 0.828587 0.085680 0.029257 0.129239
