0 0.309551 0.880094 0.066421 0.239811
0 0.888250 0.077493 0.032793 0.131143
0 0.731109 0.114865 0.026516 0.132788
0 0.336606 0.231759 0.032956 0.157785
0 0.900589 0.083164 0.033960 0.133236
0 0.259358 0.261215 0.035978 0.163794
0 0.903861 0.303925 0.042548 0.180782
0 0.865518 0.524850 0.049458 0.230312
0 0.464026 0.276057 0.033529 0.170690
0 0.798447 0.208777 0.032367 0.155936
0 0.900067 0.678859 0.058733 0.267633
0 0.161620 0.415649 0.047265 0.199158
0 0.922624 0.509733 0.052932 0.228296
0 0.106342 0.770658 0.069116 0.283572
0 0.644781 0.065318 0.022932 0.119874
0 0.670834 0.062949 0.023269 0.119657
