0 0.791055 0.597169 0.049457 0.246419
0 0.713785 0.913298 0.063898 0.173404
0 0.661103 0.097261 0.024365 0.127664
0 0.409197 0.190303 0.030327 0.148555
0 0.852930 0.910671 0.068068 0.178657
0 0.374717 0.390744 0.039787 0.197556
0 0.534349 0.170669 0.028299 0.144833
0 0.570597 0.169993 0.027824 0.144864
0 0.786623 0.143048 0.029386 0.140513
0 0.817923 0.143242 0.030785 0.141514
0 0.884315 0.625014 0.055271 0.254127
0 0.570639 0.881297 0.056261 0.237406
0 0.426669 0.121519 0.027185 0.131706
0 0.834688 0.091381 0.029793 0.130776
