0 0.687278 0.752448 0.053331 0.280452
0 0.692846 0.058883 0.023531 0.117766
0 0.482524 0.134290 0.027286 0.135381
0 0.463331 0.320778 0.035458 0.181845
0 0.492714 0.226272 0.031082 0.158477
0 0.525087 0.216528 0.030294 0.156267
0 0.762811 0.205159 0.030900 0.154500
0 0.791653 0.205344 0.031953 0.155004
0 0.947330 0.479966 0.054022 0.222458
0 0.583342 0.815763 0.052232 0.292891
0 0.375169 0.165940 0.029554 0.142094
0 0.807066 0.149644 0.030504 0.142598
0 0.964855 0.247579 0.046452 0.172300
0 0.663540 0.054880 0.022715 0.109760
