0 0.300680 0.963310 0.073794 0.073381
0 0.582479 0.052875 0.022737 0.105751
0 0.600840 0.200880 0.028596 0.152668
0 0.360202 0.347745 0.037968 0.186779
0 0.409697 0.344412 0.037198 0.186910
0 0.662712 0.353421 0.034684 0.190293
0 0.698886 0.353858 0.035446 0.190177
0 0.625245 0.650916 0.046730 0.258926
0 0.198277 0.294810 0.039612 0.171150
0 0.703011 0.249745 0.031120 0.164836
0 0.911947 0.377674 0.046249 0.197678
0 0.588701 0.075134 0.023767 0.121675
0 0.813874 0.706313 0.055557 0.271575
0 0.950280 0.228726 0.044060 0.167228
0 0.954975 0.319142 0.048137 0.186821
