0 0.644372 0.150337 0.026193 0.140359
0 0.283364 0.422256 0.043165 0.202961
0 0.320546 0.424944 0.042376 0.204519
0 0.601160 0.459273 0.038335 0.216076
0 0.638934 0.465406 0.039037 0.217307
0 0.669376 0.585764 0.045195 0.244528
0 0.092262 0.385427 0.050312 0.192423
0 0.643967 0.324676 0.033114 0.183350
0 0.886905 0.470666 0.048353 0.218190
0 0.512534 0.187022 0.029219 0.148780
0 0.795471 0.542605 0.046986 0.233953
0 0.922136 0.289663 0.043576 0.178490
0 0.903317 0.414943 0.047124 0.205844
0 0.938000 0.356569 0.047837 0.194107
0 0.104427 0.499863 0.055184 0.218611
