0 0.716230 0.075414 0.024685 0.123334
0 0.064752 0.635449 0.065514 0.251249
0 0.115313 0.647785 0.062208 0.253161
0 0.424455 0.771204 0.055825 0.282574
0 0.470919 0.786554 0.054597 0.286112
0 0.717149 0.487780 0.041939 0.221831
0 0.493569 0.542713 0.044073 0.235068
0 0.827671 0.682301 0.055000 0.266260
0 0.359015 0.337856 0.037521 0.184331
0 0.868808 0.342387 0.041527 0.188286
0 0.870794 0.447026 0.046213 0.212396
0 0.793335 0.734414 0.056086 0.277674
0 0.836933 0.606921 0.051832 0.248933
0 0.263022 0.297134 0.037575 0.172505
0 0.910398 0.696337 0.060270 0.272423
