0 0.689999 0.110691 0.025401 0.131194
0 0.187359 0.516420 0.051269 0.222875
0 0.231539 0.522764 0.049881 0.225178
0 0.517238 0.601679 0.045628 0.248238
0 0.564301 0.601681 0.044071 0.248430
0 0.701320 0.529596 0.043472 0.231611
0 0.574233 0.418631 0.037226 0.206463
0 0.860213 0.574702 0.051494 0.241794
0 0.440384 0.252133 0.032752 0.164412
0 0.821486 0.424032 0.042488 0.206501
0 0.897955 0.362871 0.044486 0.193819
0 0.824834 0.549020 0.048502 0.235481
0 0.899323 0.468545 0.049164 0.218021
0 0.190702 0.387753 0.044479 0.192944
0 0.932495 0.565704 0.056330 0.241788
