0 0.389180 0.215836 0.031637 0.154640
0 0.133160 0.386255 0.047417 0.192256
0 0.685113 0.519832 0.042598 0.229531
0 0.711973 0.556878 0.045039 0.237709
0 0.812581 0.672113 0.053891 0.263657
0 0.615679 0.492011 0.039623 0.223663
0 0.444516 0.149761 0.028265 0.138868
0 0.858638 0.678208 0.056268 0.266020
0 0.431340 0.164967 0.029032 0.142509
0 0.248376 0.319180 0.039043 0.177560
0 0.280629 0.490144 0.046663 0.218831
0 0.933641 0.296181 0.044953 0.180544
0 0.640471 0.069534 0.023066 0.120827
0 0.425282 0.133774 0.027727 0.134713
