0 0.397407 0.217495 0.031635 0.155169
0 0.471581 0.615471 0.047666 0.250818
0 0.515467 0.691853 0.049091 0.267290
0 0.686217 0.915963 0.063121 0.168073
0 0.623550 0.490800 0.039768 0.223337
0 0.750697 0.920437 0.065579 0.159126
0 0.210031 0.288872 0.038867 0.169839
0 0.410811 0.180321 0.029874 0.146090
0 0.446798 0.306318 0.035046 0.178039
0 0.876712 0.174675 0.035478 0.150973
0 0.553735 0.155803 0.027464 0.141244
0 0.288531 0.228219 0.033729 0.156212
0 0.253433 0.710150 0.058896 0.267654
0 0.819022 0.863025 0.063354 0.273951
0 0.923577 0.222256 0.041105 0.163972
0 0.875908 0.884038 0.067273 0.231923
0 0.477617 0.084867 0.025224 0.123164
0 0.111618 0.443541 0.051757 0.205549
0 0.955121 0.236260 0.044882 0.169174
0 0.297202 0.245741 0.034343 0.160595
