0 0.393716 0.211554 0.031405 0.153638
0 0.585663 0.571992 0.042776 0.241907
0 0.625759 0.613675 0.045139 0.250914
0 0.757117 0.812790 0.058359 0.294925
0 0.619757 0.486560 0.039492 0.222374
0 0.386062 0.194172 0.030703 0.149215
0 0.808459 0.821570 0.060502 0.298898
0 0.323638 0.215940 0.032451 0.153706
0 0.326577 0.237781 0.033388 0.159107
0 0.369969 0.384761 0.039572 0.196006
0 0.904614 0.232531 0.039820 0.165047
0 0.604251 0.102988 0.024696 0.128550
0 0.366451 0.182120 0.030352 0.145975
0 0.139073 0.878671 0.073880 0.242657
0 0.770920 0.930189 0.066779 0.139622
0 0.938147 0.284750 0.044960 0.178306
0 0.804504 0.951240 0.068694 0.097519
