0 0.396017 0.216067 0.031584 0.154794
0 0.171306 0.695136 0.061511 0.263889
0 0.200815 0.769415 0.063997 0.281036
0 0.622744 0.489574 0.039695 0.223057
0 0.520246 0.073660 0.024402 0.120772
0 0.579411 0.188659 0.028445 0.149553
0 0.903941 0.096600 0.034722 0.136258
0 0.424758 0.292523 0.034697 0.174291
0 0.103090 0.369269 0.048665 0.188581
0 0.409530 0.442648 0.041652 0.210735
0 0.872511 0.669195 0.056602 0.264281
0 0.912880 0.693075 0.060318 0.271735
0 0.331957 0.180800 0.030729 0.145218
0 0.296616 0.266240 0.035307 0.165581
0 0.870966 0.379179 0.043234 0.196774
0 0.092244 0.405772 0.051326 0.197068
0 0.941116 0.285791 0.045309 0.178712
0 0.151423 0.477811 0.051012 0.213519
0 0.128244 0.417575 0.049304 0.199497
