0 0.396081 0.215925 0.031577 0.154760
0 0.326517 0.666160 0.054179 0.259253
0 0.365588 0.719549 0.055486 0.271219
0 0.613531 0.489387 0.039476 0.223066
0 0.085694 0.379150 0.050545 0.191108
0 0.478597 0.119147 0.026675 0.131597
0 0.525869 0.245512 0.031470 0.163551
0 0.878172 0.131893 0.034015 0.141880
0 0.496359 0.213655 0.030511 0.155338
0 0.202997 0.298000 0.039573 0.171936
0 0.332134 0.560507 0.048809 0.236208
0 0.837283 0.778370 0.059782 0.289469
0 0.893219 0.809531 0.063803 0.300659
0 0.415524 0.131782 0.027718 0.134122
0 0.221776 0.346597 0.041230 0.183670
0 0.922532 0.299161 0.043988 0.180604
0 0.197691 0.322911 0.040986 0.177765
0 0.968161 0.233702 0.046302 0.169681
0 0.037624 0.618479 0.067279 0.248030
