0 0.444212 0.181915 0.029659 0.146875
0 0.027158 0.719916 0.054316 0.274653
0 0.033591 0.814582 0.067181 0.299978
0 0.621633 0.489291 0.039655 0.222998
0 0.625276 0.136910 0.025735 0.136968
0 0.945030 0.062813 0.037026 0.125626
0 0.336495 0.384293 0.040102 0.195147
0 0.473276 0.352619 0.036671 0.189844
0 0.928755 0.584310 0.056818 0.246039
0 0.960214 0.595258 0.060447 0.250216
0 0.248644 0.236013 0.035108 0.157625
0 0.372849 0.204259 0.031274 0.151534
0 0.808490 0.488570 0.044920 0.221478
0 0.916709 0.349712 0.045502 0.191575
0 0.229118 0.365138 0.041894 0.188197
0 0.221342 0.322116 0.040051 0.177847
0 0.111604 0.470626 0.053148 0.211802
0 0.657144 0.079331 0.023632 0.123347
0 0.029623 0.552629 0.059245 0.232636
