0 0.500658 0.133388 0.027088 0.135307
0 0.607580 0.486697 0.039389 0.222469
0 0.645802 0.090940 0.023903 0.125994
0 0.224710 0.494294 0.048631 0.218456
0 0.530481 0.279200 0.032768 0.172027
0 0.140922 0.309265 0.043180 0.174480
0 0.433318 0.150664 0.028394 0.138976
0 0.764837 0.633516 0.050304 0.254622
0 0.901127 0.375562 0.045270 0.196806
0 0.297960 0.281586 0.035995 0.169344
0 0.308636 0.247067 0.034165 0.161097
0 0.205340 0.376488 0.043317 0.190495
0 0.609411 0.127487 0.025600 0.134565
0 0.134072 0.442410 0.050199 0.205239
0 0.044985 0.457211 0.058272 0.209859
