0 0.579297 0.053245 0.022799 0.106491
0 0.619779 0.487337 0.039526 0.222555
0 0.629861 0.167690 0.026871 0.144544
0 0.531022 0.068923 0.024107 0.119706
0 0.582508 0.917771 0.059428 0.164458
0 0.965351 0.278080 0.047714 0.178743
0 0.456040 0.167877 0.028951 0.143494
0 0.447077 0.133704 0.027552 0.134911
0 0.354322 0.237373 0.032957 0.159451
0 0.499605 0.243850 0.031739 0.162951
0 0.296921 0.276648 0.035786 0.168122
0 0.250762 0.248693 0.035634 0.160682
0 0.178086 0.413650 0.046352 0.198852
0 0.762011 0.794598 0.057727 0.290844
0 0.506002 0.802483 0.053660 0.289597
0 0.066298 0.614317 0.064282 0.246105
