0 0.547376 0.087711 0.024733 0.124407
0 0.623501 0.486628 0.039587 0.222369
0 0.664046 0.056145 0.022806 0.112291
0 0.085422 0.646272 0.064320 0.253331
0 0.585600 0.219975 0.029578 0.157390
0 0.023788 0.404435 0.047576 0.198878
0 0.487316 0.108643 0.026156 0.129079
0 0.701034 0.793646 0.055627 0.289466
0 0.937440 0.333849 0.046853 0.189040
0 0.381155 0.222945 0.032030 0.156290
0 0.387942 0.188610 0.030440 0.147859
0 0.280713 0.297160 0.037128 0.172819
0 0.559864 0.179616 0.028352 0.147211
0 0.216892 0.348341 0.041489 0.184010
0 0.153602 0.340858 0.043970 0.181736
0 0.044296 0.556806 0.063428 0.233023
0 0.632133 0.956213 0.063865 0.087573
0 0.329472 0.963503 0.072571 0.072994
